1.232912362540819809e-04
8.408735067863480324e-04
1.002208210240190000e-05
1.632883382411108597e-05
8.938355402780873149e-03
2.676732366281431291e-05
3.026898455141212873e-06
8.579753362094181185e-06
2.631985690900866563e-05
2.265770399481997245e-03
1.192947185778698259e-02
8.359443691786912298e-04
3.558375684490524388e-04
7.639507461817551267e-06
8.801020703548776422e-04
6.500199860574496663e-05
9.468821871013871977e-06
1.052815893834264534e-05
2.445976621007300801e-04
3.664463809143866778e-07
6.642751441844359889e-05
1.436844964805060686e-08
3.641297907663609980e-07
1.476232559788124123e-03
1.110673619473859751e-03
4.011031089159176785e-05
3.614261000994168521e-04
6.265399195114174872e-05
2.176577726796236057e-05
1.943783017035799129e-04
1.431435610583744583e-06
1.312017989616699688e-05
5.054619410080765397e-07
-3.326814026462650498e-21
1.099157253750564743e-03
3.162055262468926734e-05
1.094548361792275050e-03
1.375440529741269802e-04
8.392699502518210413e-04
6.608708083709438086e-06
1.267385715440318314e-06
2.594558470563069833e-06
9.028972390959250777e-04
2.450641461997477531e-04
1.734339513021574284e-07
3.852182030525391895e-05
5.250834250929470900e-05
3.538573578939792760e-06
5.540532821111251939e-06
4.370044009824614909e-06
6.830071512107603339e-09
3.114666485409421301e-05
5.825910215446793667e-06
2.502760214497642187e-08
2.192699894177322782e-04
1.337170178724846604e-07
1.137200272672164376e-05
2.907219416293622353e-04
1.144703160352281753e-03
4.186632000438319763e-04
7.129855931254261328e-07
1.209140371603888977e-03
4.242126502707543705e-03
1.851561162976081511e-06
2.376764609969917244e-02
3.870935324225200958e-05
1.495190332975211152e-05
3.601585000835691355e-03
4.341460203294176742e-04
8.051527423838602246e-09
5.718520228105927899e-06
5.382798177489346624e-04
4.927662500303269324e-05
1.785526654276359336e-06
1.014402305490955560e-05
3.392631266334751708e-06
6.705301097874223095e-05
3.249822861116663519e-03
1.759602372049121937e-08
2.770037597297773241e-03
4.712506948092811711e-04
1.763184063993472410e-04
2.091980967473311068e-02
1.844990225701768818e-03
9.822539461849049176e-06
4.844283103363134277e-05
2.436072690371926230e-07
2.218122215139769170e-03
8.221935266250845575e-05
4.451040280518649074e-04
9.139295683621487989e-06
4.723953669005418149e-04
1.759602372010611717e-08
1.582914916697910617e-05
7.227980378114297420e-04
1.194323780611291329e-05
2.043423668367679025e-02
6.201862369642078125e-06
7.465494493061400321e-07
6.527903597434443327e-04
1.954079110211223995e-04
1.468012110652198001e-03
4.603848052167594149e-04
4.239427665414880442e-06
8.703619533130988687e-04
4.104705477715694690e-05
4.389246006659701384e-08
1.262089970330528553e-06
2.220638897475010580e-03
5.204030184022341750e-04
2.130249602194735599e-05
1.513077829666737989e-05
2.319963652326481954e-02
1.527317423400835050e-03
4.215779756448577833e-06
4.239427665414934652e-06
5.873021772948885911e-05
3.229905046663757964e-04
2.838999922506721135e-06
8.372815321555698190e-07
1.262014198186486424e-03
1.827321737686240675e-03
5.109108043557613207e-07
7.139224704911723199e-07
8.867783705878643907e-04
9.481591287969869239e-05
1.279172288909835004e-05
1.194323780611338424e-05
5.484121855173841562e-06
4.389246006612017399e-08
8.195766303237175116e-05
7.743895279360644618e-06
1.037368049229941964e-06
1.606411423516298209e-08
5.891784753632244671e-04
1.054520295895547844e-03
5.718520228105789832e-06
4.185236625748258062e-04
5.362164141071181612e-05
6.627256776541917245e-06
8.725792626206606327e-04
4.257367828894145778e-03
7.977684495503590113e-05
1.302069166671972547e-03
2.450641461997478615e-04
6.325385872215618303e-08
5.018536155146772798e-05
3.940709305307380753e-04
1.734339513029794474e-07
5.557277571879193716e-07
2.169802164870948246e-04
5.816039801748499032e-05
4.657150188647346534e-03
2.172197448904223879e-02
2.273565864883775670e-04
3.162055262468939609e-05
4.389246006673010389e-08
3.630122288379508604e-06
5.853169870469888524e-04
3.037943639292367071e-04
1.192342323542226040e-04
4.800971056610531707e-04
6.830071512314008891e-09
2.410828751501436376e-06
1.442420645138299283e-06
5.109108043557170632e-07
8.051527422244295988e-09
3.033307237962515693e-05
7.683771452407293266e-07
1.606411423533678597e-08
1.721559817755606776e-04
1.837694021190844351e-02
1.015216839363471298e-03
1.859028555417349465e-03
8.934284172249113429e-04
3.390026696333969429e-08
7.828332829768603132e-03
8.069839027428079038e-06
9.953945709773559492e-05
1.288669486671224470e-03
5.362164141071168737e-05
3.630122288379832171e-06
1.262478671194984395e-03
-2.726851215082059476e-19
1.782265598529797555e-04
1.052815893834442580e-05
7.722868107045988964e-05
5.853169870469899366e-04
2.946747981445892975e-04
6.652551276800167460e-05
1.102419574270552868e-03
3.050697728407218549e-04
8.903139522002444326e-04
8.195766303237195444e-05
1.392447620056282793e-03
6.704303199496617300e-07
7.949413309311367326e-05
3.068996773426492172e-04
5.254948821193567397e-07
3.351696915350282045e-04
2.664882564354031181e-05
-2.335068136126944660e-19
8.809126447458744721e-05
2.733575285578499356e-06
7.123724139315639543e-05
-4.542556935056392156e-20
1.301135356122969100e-02
4.563442585764985213e-07
4.185236625748262398e-04
3.621915634262148518e-04
4.256161733209485650e-06
6.610538489082439266e-04
1.623815888676713838e-03
5.504983221333694179e-04
1.418168712280505660e-03
3.499582794266239156e-07
7.169802351407872224e-05
1.037381526783629481e-19
8.384755212719780405e-04
3.325279115674984018e-05
-3.328563179391676540e-19
3.050697728407222344e-04
4.185236625748259146e-04
-2.908246322600740063e-20
7.294183733220420233e-03
5.380574198298079781e-05
3.037723774980415690e-19
5.374496522136563569e-06
6.704303199492006265e-07
6.882947631731477620e-06
1.815090372049125379e-05
9.295904412701495458e-06
3.614261000994176652e-04
3.212601456569822003e-05
1.220072327713247339e-06
2.535496599629387154e-06
2.190694003050879999e-06
6.605050298545572436e-07
1.490029852994126169e-08
-5.623496332000915575e-19
2.436072690371321131e-07
1.372142058395064458e-02
8.838679714965832525e-05
2.963122384188673564e-06
5.313060858644797282e-03
1.003880092676636782e-04
1.194323780611323177e-05
7.129855931256176681e-07
8.631243067566565872e-05
2.434490152107732856e-06
2.425588496332932657e-19
1.018900469351898130e-08
1.078232883245667725e-03
5.377722355032160228e-06
6.190506816287147148e-07
2.905406071631743111e-05
9.417813738376369301e-03
1.247311499540853207e-03
4.480709339075684793e-10
1.758711268664872368e-07
1.497118608478784199e-19
8.950514675722670436e-04
2.871601674634458967e-04
3.324913553367142885e-04
2.492024923187491075e-06
4.289675091089504431e-06
1.132457545656206975e-05
6.627256776541568267e-06
9.446256931615628055e-04
9.042707132789888589e-06
1.294761768904664724e-04
8.195766303237162918e-05
4.185236625748258604e-04
5.079588430308218860e-04
5.210252462940772008e-07
8.359443691786905793e-04
3.991278711932205910e-03
6.182075730623972235e-07
5.718520228106140504e-06
5.362164141071180934e-05
9.937775177651416835e-04
3.774231562301363121e-05
1.247356621449258644e-06
5.873021772948868970e-05
7.630574658401700775e-04
4.227576160806607348e-06
1.416666335903250546e-03
1.481708386963090244e-03
5.484121855173593382e-06
1.624667916644796507e-05
7.114548762321942874e-05
2.149334819048113272e-06
5.381993197579343791e-04
8.503277276777330713e-04
6.448904023427512520e-05
1.556748817682965005e-06
1.194323780611344861e-05
2.429704871202796948e-03
1.521134142115137958e-03
6.707172001273122701e-06
4.366928061549225199e-04
5.260782775383502936e-04
2.169156729053650274e-05
1.959775759790727820e-06
1.310726464700897622e-04
5.246625263526361533e-08
1.959775759791714613e-06
6.426542994354264497e-08
1.167840529340195726e-05
1.278349862553398845e-04
3.031925221924459852e-07
1.860555574241786313e-07
6.190506816282598581e-07
7.129855931248417859e-07
5.584160226390787302e-06
6.249610968070713605e-05
2.594558470562937695e-06
1.371508407283838857e-06
9.295904412702142591e-06
4.323653921617835136e-05
4.215077463649844290e-06
5.626507820390888842e-05
1.817573023147225705e-07
1.417727616478368009e-05
4.590219001903733014e-04
8.430406699293373672e-08
3.843366418581573235e-04
1.220072327714099242e-06
6.371935655918384027e-07
4.254917899300008147e-04
1.011609004142543632e-07
3.415081463945057865e-06
6.203472980570999956e-06
4.563442585762986215e-07
2.012582517172374022e-07
1.097659002437084404e-04
9.174111992798997131e-05
1.795726906229682318e-04
8.867783705878639570e-04
2.606300468563869650e-04
9.800713283814618901e-04
8.068080588471002182e-06
1.359389193810730341e-04
2.510902385945737144e-05
8.628571033417598143e-04
4.689809239730735206e-05
2.098990364299755903e-05
3.409924628975521317e-07
4.499176181420898833e-03
9.257786879083250691e-06
1.636936068572878572e-03
1.676697129477425333e-05
1.429557143829625477e-06
1.052815893834153572e-05
5.604227851931051647e-05
8.011702999108200267e-07
1.052815893834178645e-05
6.721684087396855619e-08
5.057133707331083983e-05
3.149139397370925435e-05
3.714802150504123066e-04
4.558151405445370940e-04
1.965713661778581149e-05
5.557277571882468557e-07
9.087365484351962055e-07
2.070915801396084444e-07
1.071383144463990708e-05
1.556748817682987663e-06
8.810900102392787544e-08
1.503793830856373255e-02
3.987752504199182168e-05
9.357959739755571148e-04
2.169156729053671958e-05
2.489168771415247711e-05
4.341460203294177827e-04
1.785526654275211182e-06
1.785526654275228970e-06
1.571453613580681366e-05
7.152656079692316026e-05
9.087365484355475125e-07
2.410828751501430023e-06
2.789492588698247347e-04
1.469737547074785686e-03
1.844616898836271349e-03
2.430928592464724042e-06
3.747779338955269037e-04
1.652120134835566680e-04
6.103246142701665314e-06
1.971569240234979318e-03
1.734339513023210646e-07
1.052815893834235904e-05
2.186249739679592668e-03
6.956254441869179144e-05
3.171306339957498415e-05
1.429557143830268587e-06
1.235597939789839328e-04
7.852348548869590716e-04
3.389956956258137222e-05
1.002208210240204400e-05
6.416253423168816427e-07
1.052815893834252845e-05
4.003537585593822936e-05
1.174659378855010883e-04
6.903702456599638639e-07
4.788002986192904653e-04
1.815090372049086754e-05
5.054619410085295964e-07
7.722868107046036398e-05
2.293280029643258739e-03
1.279379613450854544e-03
1.900514675604114562e-05
1.946365743480131440e-04
2.186892355282740036e-03
1.051606327416144233e-04
5.253879072926897521e-04
2.034159772354079547e-05
1.008907597332120692e-04
8.195766303237110063e-05
1.785526654274912815e-06
1.763673522785429122e-06
7.229710140931594605e-04
2.430928592465085725e-06
1.035514271238811672e-02
2.203481416500416637e-02
8.182273912955703114e-04
5.922497775970832819e-04
2.769388376542187679e-07
1.344341499619371864e-05
5.815327417524971537e-04
1.569082862208493584e-05
1.044671683935196428e-04
6.201862369641890931e-06
2.337293727347650868e-02
2.584807120373384384e-04
2.450641461997480242e-04
3.641297907653547758e-07
7.003270523053377328e-04
6.479551462205293766e-07
1.247311499540853857e-03
8.138846772239030029e-04
7.000767806798633081e-05
4.689809239730792127e-05
5.384514746331677416e-04
1.062975507873485312e-03
7.129855931266223551e-07
1.255377760252480502e-04
2.190694003049853395e-06
3.693346978450783794e-05
7.993350262260545835e-07
3.392631266334318451e-06
1.787360161410924276e-04
2.908117993557074851e-08
5.557277571881571761e-07
5.540532821111477250e-06
1.422847284494761820e-03
1.012413415364160976e-02
1.768591575465045578e-06
5.718520228105983803e-06
1.117233175009112048e-03
1.093506278458194385e-03
6.426542994223887598e-08
1.331656613280638335e-19
6.627256776541304840e-06
9.132181324459401036e-04
2.033392068321006472e-19
6.947045214524126978e-04
6.627256776541625018e-06
1.381213034662023568e-05
2.333536882749713049e-04
8.015391122189427285e-19
7.608736164987651420e-05
1.220072327713457403e-06
5.718520228105977874e-06
9.044331210942252340e-09
6.103246142702137111e-06
8.041438806549801484e-04
3.780102209863910457e-04
5.662523534773034701e-04
6.585309692489052557e-05
1.814944405825661178e-05
3.392631266334923232e-06
4.389246006746819384e-08
2.064081629215433391e-03
1.288669486671224253e-03
7.697096029323818430e-06
2.510902385945686999e-05
1.110673619473860185e-03
3.235394972823029081e-05
4.915991341785891453e-04
1.979519355800722767e-07
5.250834250929441762e-05
1.985810638652341694e-03
2.421317257190878816e-04
1.387556574702656266e-07
1.417727616478369534e-05
4.550090201116859510e-04
9.087365484355155370e-07
3.745462289547810391e-04
8.708841037502245273e-07
3.013569327971172030e-06
7.855475793039801580e-05
8.954856272277707079e-04
4.535838099797950011e-06
8.817244473199383548e-09
9.812258797659190353e-04
1.721559817755604607e-04
9.651843069271930867e-05
4.469064111996457243e-05
1.503767162854132103e-08
7.992977634402392884e-07
4.201918056311177688e-06
1.127554286805615077e-03
6.645641838792692622e-05
3.627418918513710278e-03
8.723350239581972041e-04
8.372815321555650545e-07
-3.777607329328203779e-19
1.002463252209341967e-04
5.104205527069320346e-07
7.930851295275476642e-04
1.959775759791244933e-06
5.873021772948918437e-05
2.410828751501385130e-06
3.398486804138768961e-04
1.048836939039606638e-04
-9.466325969372493760e-20
1.735528358781700928e-09
1.785526654275563972e-06
6.489334833963922799e-05
4.337814057269927058e-05
2.410828751501025988e-06
9.674659414375817602e-08
4.783447370993278088e-05
2.187148862629998986e-03
3.765670569383625143e-04
9.879330517671915286e-04
2.136292679565424445e-19
3.114666485409386064e-05
1.475240925974399373e-06
2.043410623157203743e-04
1.759602372031940403e-08
7.181365223482862274e-06
4.469064111996428105e-05
2.399549298297691839e-04
1.919282655591063877e-03
5.632865972592064749e-04
1.556261492351327392e-05
4.689809239730861244e-05
2.157738303843236786e-03
4.363269658984541392e-07
9.087365484353320485e-07
3.868919402285723059e-06
1.128479116976441223e-04
1.651312642675280284e-04
1.288249797337756331e-05
2.584807120373381673e-04
1.734339513023195558e-07
1.091729390102755487e-03
8.051527423763982283e-09
8.819127571031490495e-04
1.832341664312886953e-03
1.721559817755605420e-04
1.059086651199365797e-03
2.760566055105989646e-04
7.181365223482332032e-06
1.167335740597234414e-05
5.250834250929494617e-05
1.023974615968243317e-02
3.275882846062613097e-05
1.338607835958644072e-06
1.058799515545051878e-04
2.234740780132938429e-08
5.873021772948854740e-05
5.718520228105906723e-06
2.946875263928704688e-03
1.422540283311354794e-05
1.240526549937473494e-06
2.939944751975631678e-05
4.754763482256965819e-05
7.332229639265968682e-06
1.908216921179924116e-07
2.172649586856515878e-04
8.440559679825144785e-04
3.641297907665054172e-07
2.190694003050252771e-06
3.641297907667542860e-07
1.517648779925700325e-03
9.791354551830116267e-04
3.639741124226263981e-03
4.833310112629907412e-04
1.052815893834247254e-05
1.834451058038676977e-05
1.055963013489767341e-04
1.867518085983303246e-03
1.514564363747551931e-05
1.451780317263807844e-04
1.943783017035802111e-04
2.410828751500709621e-06
1.893132311170551627e-04
1.052815893834233702e-05
3.641297907662903767e-07
5.540532821111232457e-06
8.977074717142804322e-07
2.434490152107807395e-06
1.438178313567298463e-06
6.201862369641906177e-06
5.413027298601997048e-05
8.479876547366299545e-05
1.371015129221445769e-06
6.783777645148929346e-05
1.656079420788016693e-05
1.959775759791393164e-06
1.220910261857003167e-05
4.800698378045861697e-19
1.391286197542543802e-07
1.815090372049067442e-05
5.540532821111670373e-06
-4.186500099769088613e-20
1.835485891856625980e-05
2.673598224384061961e-05
1.834485150202588781e-05
1.240526549936649331e-06
3.906723555750917475e-03
2.190694003050491210e-06
1.943783017035797503e-04
6.578972848629171968e-05
4.704704252907636114e-04
4.855564033243795884e-04
1.052815893834209646e-05
1.000319169519837134e-03
1.903491316340227973e-05
3.031925221923494764e-07
2.978399010744306116e-03
7.752264580790458061e-06
6.426542994208480862e-08
3.630122288379235012e-06
1.480444529806561500e-03
1.003242154158269159e-03
4.345016407679132193e-06
2.555923051380904832e-04
3.392631266334533173e-06
2.221808961494168427e-02
1.282114939047057653e-05
2.945699959923004156e-06
1.052815893834311121e-05
7.169802351407870869e-05
1.871912180031108999e-02
8.160235987969157280e-04
3.441758413440768630e-05
1.316181944082666895e-03
8.810900102431952230e-08
3.080986747823942062e-03
7.750791211334651456e-07
5.054619410071747672e-07
3.266380619168574670e-06
1.294761768904663097e-04
9.856449378773924047e-05
5.825910215446313399e-06
1.268736676500236218e-04
8.359443691786911214e-04
7.259294612989389836e-05
1.595309369081843913e-03
5.977903104181946830e-04
2.349360694605522049e-02
5.054619410081991477e-07
1.955319132142528703e-04
7.340676444135638828e-05
4.412861616716612130e-06
9.087365484354080697e-07
5.824592200171127521e-05
4.462088086216568918e-05
1.392512645460636497e-05
7.163885912995368805e-04
7.770507265286511291e-08
2.157738303843236786e-03
5.740248688529542253e-06
5.080182120674622782e-04
5.478969106434732132e-05
1.267385715439779390e-06
1.393114375500911410e-07
1.695268750476180513e-07
9.357959739755570064e-04
6.203472980571099906e-06
2.410828751501294074e-06
1.101729727015758869e-03
6.587606406211050610e-05
5.265510111689771547e-05
2.652889066370091461e-05
2.652889066370025731e-05
9.087365484354766793e-07
1.375507840588360191e-03
1.022595946165091998e-04
3.659906231169076599e-03
1.828177974975071686e-10
7.826156714767686789e-04
4.333568524136837899e-05
6.627256776541632642e-06
3.870935324225114899e-05
2.338196189487620411e-02
2.838999922507134487e-06
8.138846772239028944e-04
6.365124431014881554e-03
2.838999922507045548e-06
2.535496599629512091e-06
5.250834250929424144e-05
6.426542994160590414e-08
9.689648890754881997e-05
5.876327998705567664e-04
5.250834250929500038e-05
1.603639125003806791e-05
5.025030008282685483e-05
4.201918056308911874e-06
5.328271684570527161e-07
1.387556574701679266e-07
2.410828751501654063e-06
1.735528360913144362e-09
8.011702999099949108e-07
5.109108043563885486e-07
2.367396614495824059e-06
1.078625347764294732e-03
2.758899283908694175e-04
2.434490152107697704e-06
2.777386203501562567e-03
2.462237807129737432e-06
2.968511723340399227e-05
1.032811302029019143e-06
5.250834250929444473e-05
2.430928592465404633e-06
2.450641461997477531e-04
9.953453798291059136e-07
8.642569810470356149e-05
2.264933485219369124e-20
1.878466753608877990e-09
8.867783705878643907e-04
1.747095742201096571e-05
9.371870818710825290e-05
5.230836595985701601e-07
1.662588880366761746e-06
2.489058444680791043e-03
6.111297670125728974e-06
1.908216921180639065e-07
-8.721197272401500865e-21
3.466119140344484361e-05
6.680948667592887800e-06
1.582914916697885545e-05
7.764259935284187567e-06
4.029828910694691860e-05
4.185236625748265109e-04
1.885659962705933885e-04
3.620491584064922288e-07
2.190694003049736081e-06
3.405443919624775533e-07
1.490029853015435996e-08
2.769388376526875970e-07
4.256161733209479721e-06
1.171500553924601651e-04
4.215779756448571903e-06
5.479914372596931094e-06
6.249610968070738000e-05
7.169802351407889842e-05
1.628031668433158486e-03
1.272622694249893631e-03
4.341460203294177827e-04
8.401185900141437793e-06
3.242208684902055972e-04
2.287440597193691973e-06
4.024514606517712984e-05
1.759602372020422079e-08
1.913351401415528882e-02
8.822245676362587793e-06
1.458872814968577162e-03
5.054619410078682755e-07
4.975677207254625459e-08
1.708942555302892614e-03
1.010355686270217275e-04
2.838999922506519541e-06
1.605006692394309606e-04
2.584807120373375710e-04
1.091734079857832607e-03
7.656594740179473396e-05
1.763673522785236845e-06
3.181802774992759921e-05
3.299083301414573440e-05
9.674659414334295782e-08
2.647740698084901953e-05
9.256465022113386984e-05
1.477909176014085809e-03
9.903879299373364621e-04
4.972464043618082677e-04
1.390621767846313963e-03
1.606411423525883909e-08
6.145755119090533583e-04
6.756919200961365276e-06
7.605219692405414556e-04
5.873021772948895398e-05
5.718520228105027503e-06
1.564130598700621904e-04
2.733575285578237622e-06
7.050352153930677631e-05
5.250834250929453282e-05
5.839556783100995574e-08
5.484121855173996569e-06
2.635180828512606448e-07
3.965369508344391511e-05
4.215779756448346593e-06
4.171726248059194961e-05
2.722624976198113000e-04
8.253668024373236585e-05
1.099530818746927716e-03
3.756744957159482653e-04
1.052815893834230314e-05
5.658200401587206823e-06
2.058822614456072911e-03
2.056327545806681124e-06
1.703357511397169581e-03
4.366928061549228994e-04
9.854369533532935689e-04
2.410828751501447387e-06
1.929513105834095187e-05
1.077176620737961122e-05
1.220072327712869350e-06
5.853169870469898282e-04
6.527529437795591243e-03
1.594389716535248329e-03
4.719205371103010055e-03
1.503767162889818990e-08
2.110866910630651572e-02
1.033861929224530983e-02
8.598396674594250156e-04
1.052815893834271988e-05
3.007444515943960258e-04
5.192910164253519223e-04
2.457365620428588479e-04
2.976028826676484999e-04
2.968511723340477832e-05
2.799722505611006224e-06
2.871601674634459509e-04
2.415385498703179124e-06
1.264952645169693119e-06
1.352771746837624738e-03
3.105251859707582556e-05
1.785526654273944233e-06
9.295904412701681805e-06
2.594558470563362059e-06
1.627457086705592142e-05
1.241269911375434509e-19
1.044659732870231597e-03
9.709066718786382534e-06
1.815090372049099290e-05
1.332769536139903034e-05
1.490029853009284750e-08
1.230237038196103395e-02
1.306406776221616904e-03
1.431479512538775395e-02
4.720174023914242929e-06
6.696490197772077561e-05
2.787478675766400221e-03
6.541643199923748760e-05
6.645641838792683135e-05
1.615415749897636984e-05
3.257254905881638049e-04
1.153611510673541425e-06
6.169154233934427741e-06
2.210237175122092921e-03
9.351916357921925192e-06
1.117491279611597735e-03
8.359443691786909046e-04
8.231488956087989832e-05
7.089831792686549861e-04
7.266064035872728429e-04
8.051527423770310215e-09
4.900840980252863530e-04
5.001195086883076646e-09
1.960217422432956533e-02
2.561889335792275090e-05
9.624513361444942024e-04
1.000456985592252171e-03
1.943783017035805093e-04
6.547679113286271465e-04
1.830359155002430098e-03
2.838999922507101452e-06
2.222155676029648254e-05
4.215779756448565974e-06
1.284459649400710238e-03
9.257786879082308790e-06
1.375440529741266008e-04
4.235710793977666010e-04
9.762785090102544302e-04
9.307612110661620539e-06
9.674659414378239587e-08
6.182075730630326041e-07
1.072499995874766907e-05
7.164941323725667124e-04
6.787171428012500630e-06
3.245839204172141362e-03
6.578972848629201784e-05
1.059889994177291329e-05
1.946617988652551414e-03
9.089862039797165616e-06
2.939944751975665898e-05
2.968511723340438869e-05
7.181365223482827546e-06
1.194323780611399071e-05
2.535496599629355814e-06
5.413027298601967910e-05
3.831921633542471618e-05
5.902080846807659237e-04
4.230148206096810904e-06
1.283064454409962530e-06
3.441758413440754400e-05
8.379532740993559563e-05
9.087365484354434333e-07
3.405443919627060934e-07
2.927448179316352161e-03
1.815090372049083027e-05
3.749187394628425225e-07
5.105893924172581798e-04
5.557277571882400795e-07
2.968511723340459197e-05
5.029435014016098464e-04
2.431256608604229740e-06
4.254677603778670896e-06
3.754107437013631789e-07
2.133860107667813130e-02
7.933423058389439545e-04
4.931638273951010221e-04
2.939944751975631339e-05
2.489168771415250082e-05
7.309736171442136178e-09
3.870935324225125741e-05
4.734410988392870383e-07
1.959441883058498772e-08
3.682413006016519688e-04
2.956485310503319361e-04
3.295904129379550367e-04
1.226140436178290230e-04
4.480709341683110079e-10
4.366928061549225741e-04
1.721962010176624318e-05
-1.225641308614994046e-19
4.448598517740578930e-04
8.706131539222924541e-05
6.203472980571311664e-06
1.149010948727776467e-04
1.721559817755603794e-04
8.384755212719772815e-04
1.077176620737983314e-05
7.630574658401699691e-04
7.078640515733703820e-05
5.718520228106054107e-06
1.867840302342786175e-03
1.153574391313542046e-04
2.173265852983035184e-08
9.055185834108068739e-05
8.139393465100637666e-04
3.852182030525332942e-05
3.782301468651378513e-06
2.434490152107637565e-06
9.087365484352575096e-07
2.979514538428261884e-04
2.066667962322429108e-06
5.250834250929426177e-05
1.647809834125850461e-19
3.870935324225366299e-05
8.977074717145107193e-07
4.239427665414836396e-06
1.194323780611320466e-05
4.185236625748260772e-04
5.413027298602006535e-05
5.109108043557876846e-07
2.235452340244742058e-06
7.089869633965859748e-06
4.185236625748271614e-04
8.738060218882715523e-04
8.625699807281605352e-05
6.160830882922735201e-06
2.933574426937555605e-09
7.164941323725666040e-04
1.721559817755606504e-04
5.080035949855440942e-06
1.164030499652746376e-04
7.078640515733755319e-05
1.320777683008498240e-06
3.210222069203003017e-04
1.721962010176630417e-05
7.067382228961215313e-05
2.041408816895546197e-03
5.981465083169339300e-04
4.171726248059373177e-05
8.987118724394290925e-06
1.865991183868564909e-04
2.838999922506514459e-06
2.489168771415252793e-05
1.194323780611314029e-05
1.156010464003912806e-04
2.062110746612043106e-04
1.564183814815300758e-03
2.534777953430439193e-04
9.259053037365159929e-06
1.338607835958617390e-06
4.003537585593826324e-05
1.219162109318659929e-06
1.643077973871757017e-05
8.977074717145101899e-07
1.615415749897571254e-05
5.054619410082776041e-07
7.855475793039693160e-05
1.163301708460959028e-04
1.071563654365432411e-05
2.981271247540278279e-04
4.918194598379844804e-07
1.721559817755612468e-04
2.189226545047340494e-04
1.721559817755606776e-04
8.854519998294631353e-04
1.815090372049066086e-05
6.678903085085244491e-05
1.923277876143944867e-02
5.737313145294461347e-05
2.463943957878928425e-04
1.282114939047051554e-05
7.894717811267560822e-04
1.943783017035800485e-04
1.052815893834197787e-05
1.128378777655866860e-19
-7.809835436516278158e-21
5.171375757824983822e-07
4.975677207209924619e-08
6.288962966329074639e-04
1.845728259143316369e-05
1.169930560669089697e-18
2.165660139993503142e-03
5.484121855174006734e-06
9.674659414214023721e-08
8.725792626206613917e-04
8.160235987969162701e-04
3.039366182740842719e-05
1.564130598700612417e-04
2.759013056200881019e-04
2.625253424819617065e-05
9.044331210665246097e-09
2.169802164870936591e-04
3.641297907668278720e-07
6.936301419333405024e-07
1.289524128962656887e-05
8.430406699327645419e-08
1.371508407284134260e-06
2.450641461997480242e-04
1.940094700249080789e-03
6.704303199493219639e-07
2.247321181770435203e-02
1.012045097757062256e-03
1.052815893834165431e-05
2.181808188455920498e-09
5.960589091084645985e-08
9.430011067009227890e-04
9.853644810468749078e-05
1.900492214747881848e-04
7.183910606234142479e-04
2.489168771415254148e-05
1.061657248449665677e-05
5.413706721979406269e-07
1.720060664098243313e-07
2.119873752511738655e-05
2.492435296815674115e-05
3.622678880679975178e-07
4.894805515745336965e-04
1.227530482597588281e-05
4.215779756448754862e-06
1.473139248896051020e-19
2.257466068733027112e-08
7.164941323725670377e-04
5.635439330261611144e-05
4.469064111996519584e-05
5.169830169217150533e-04
1.467654671186765115e-05
1.338996058156867167e-19
2.535496599629307109e-06
1.071094403327213832e-05
3.229905046663757964e-04
7.740003022344681680e-05
9.751243784458806752e-06
9.368773669565389083e-10
1.432843016626555272e-04
3.224936715807231926e-04
7.992977634397285276e-07
1.765734111738898266e-08
5.372841483700927157e-05
4.556747201820414779e-09
3.392631266335522931e-06
3.236592800485547971e-07
7.410119990672653562e-05
3.222551664844587165e-05
9.822539461849166066e-06
5.718520228105910111e-06
6.718946557765278558e-06
5.471737190104433479e-05
2.676732366281422143e-05
1.008902895343734805e-03
3.420448661898675604e-04
4.215077463649465666e-06
3.558375684490518967e-04
1.065927102852647773e-03
8.384755212719771731e-04
1.247356621449119942e-06
-4.670271661756525224e-19
7.427400794936513877e-05
1.352344294373009423e-19
4.301970199807976709e-04
2.994651537574566109e-03
2.364053836013597226e-02
4.185236625748264025e-04
7.136770727453798334e-04
7.572778398440709903e-07
7.293621537792957217e-04
9.087365484354609033e-07
4.211970018437096902e-06
1.503767162924326649e-08
1.503767162880673351e-08
1.081736808685192350e-04
1.834485150202606738e-05
5.314304176821877943e-08
1.514564363747550068e-05
1.636936068572877922e-03
7.003270523053388170e-04
6.412685525072006490e-04
1.470157431401208354e-05
5.109108043559077515e-07
1.802563624338104247e-04
1.250693368647981920e-03
2.567708114129348449e-05
7.172307654046305341e-04
1.120760720266647726e-04
1.307334287599423934e-03
4.542108327908929715e-05
2.157738303843237219e-03
-1.762390191221332714e-19
3.157035061559506802e-06
-2.881478005187428163e-19
2.084177158384734203e-07
4.256161733209414500e-06
4.568084494435053697e-03
3.914414422133012639e-04
6.718824830668389905e-06
1.556748817682883902e-06
3.340072591573466131e-04
3.231184013077254856e-09
7.514291125753412183e-06
5.547842557283446616e-06
7.514291125752975114e-06
4.345016407679182168e-06
7.855475793039754147e-05
7.216000652915089780e-06
1.312017989616702907e-05
1.574849334392440514e-03
6.213301596468977141e-04
5.026597794052946712e-04
4.975677207218549796e-08
2.169802164870942554e-04
3.651682684915833746e-04
2.190694003049358727e-06
1.582914916697890289e-05
1.885659962705940390e-04
2.211230575500882419e-03
1.699321424489652795e-03
2.441069902468090760e-02
1.864040708706327099e-02
2.584807120373384926e-04
4.174435598239788214e-04
2.588212564293018454e-04
3.392631266334387484e-06
7.564430468880500641e-04
5.718520228106001591e-06
1.572094281172615093e-04
1.319860041471063878e-05
9.137308493987755396e-05
