3.702144416282810180e-06
6.851670981933002870e-05
-0.000000000000000000e+00
-0.000000000000000000e+00
2.608353442133355682e-02
-0.000000000000000000e+00
-0.000000000000000000e+00
-0.000000000000000000e+00
-0.000000000000000000e+00
7.838845848798125962e-05
2.232509565106787289e-02
-0.000000000000000000e+00
-0.000000000000000000e+00
-0.000000000000000000e+00
3.889358740001024636e-05
-0.000000000000000000e+00
-0.000000000000000000e+00
-0.000000000000000000e+00
1.115600494992322065e-05
-0.000000000000000000e+00
-0.000000000000000000e+00
-0.000000000000000000e+00
-0.000000000000000000e+00
2.776213035498923656e-05
2.664831801006759676e-02
-0.000000000000000000e+00
-0.000000000000000000e+00
-0.000000000000000000e+00
1.424652716793471576e-03
-0.000000000000000000e+00
-0.000000000000000000e+00
-0.000000000000000000e+00
-0.000000000000000000e+00
-0.000000000000000000e+00
1.935184936659656090e-04
-0.000000000000000000e+00
2.289282771410170998e-04
2.622922876927970097e-04
4.078611876039759233e-05
-0.000000000000000000e+00
-0.000000000000000000e+00
-0.000000000000000000e+00
-0.000000000000000000e+00
1.112035316546949651e-05
-0.000000000000000000e+00
5.396298924276163255e-07
-0.000000000000000000e+00
-0.000000000000000000e+00
-0.000000000000000000e+00
-0.000000000000000000e+00
-0.000000000000000000e+00
2.330204990431232034e-07
-0.000000000000000000e+00
-0.000000000000000000e+00
3.172971933240492144e-05
4.334041667717048723e-21
-0.000000000000000000e+00
3.785368917969645069e-03
8.146401998751349365e-04
1.280791421883536795e-05
5.649914105453805717e-21
8.910835277299057611e-03
4.858645169353161355e-04
-0.000000000000000000e+00
1.872207740801704566e-03
-0.000000000000000000e+00
-0.000000000000000000e+00
1.326901874781291635e-04
-0.000000000000000000e+00
-0.000000000000000000e+00
-0.000000000000000000e+00
7.878052515173855695e-05
-0.000000000000000000e+00
-0.000000000000000000e+00
-0.000000000000000000e+00
-0.000000000000000000e+00
6.254761881850015593e-21
1.862269565550747456e-03
-0.000000000000000000e+00
3.713425792682911947e-05
-0.000000000000000000e+00
2.211161087401622283e-05
1.152157728157265568e-02
3.757396745087022982e-04
2.374670200997177402e-03
-0.000000000000000000e+00
-0.000000000000000000e+00
9.277533156436597480e-05
-3.262845088905708553e-22
2.200769157535854210e-05
-0.000000000000000000e+00
-0.000000000000000000e+00
-0.000000000000000000e+00
-0.000000000000000000e+00
1.906872494505601392e-03
3.131238930444306184e-04
1.383975015455911860e-02
-0.000000000000000000e+00
-0.000000000000000000e+00
2.231711746721943331e-03
-0.000000000000000000e+00
2.620522977802159357e-04
4.863164185726573294e-06
-0.000000000000000000e+00
3.607413886795033092e-03
-0.000000000000000000e+00
-0.000000000000000000e+00
-0.000000000000000000e+00
2.245167594043537349e-04
1.748233836974338005e-04
-0.000000000000000000e+00
-0.000000000000000000e+00
3.101471687759832768e-03
2.016412819726318361e-06
-0.000000000000000000e+00
-0.000000000000000000e+00
-0.000000000000000000e+00
-0.000000000000000000e+00
-0.000000000000000000e+00
-0.000000000000000000e+00
1.292245883581620222e-03
7.706563394586914237e-05
-0.000000000000000000e+00
5.396298924276163255e-07
2.119908502283682683e-04
1.698551764085459259e-05
4.887813853786681135e-20
2.259723120851307525e-04
-0.000000000000000000e+00
-0.000000000000000000e+00
1.370546314010854746e-04
-0.000000000000000000e+00
-0.000000000000000000e+00
-0.000000000000000000e+00
3.282198855761168151e-05
4.266457072651360705e-04
-0.000000000000000000e+00
1.337009645525272293e-04
-0.000000000000000000e+00
-0.000000000000000000e+00
1.276251706210821107e-03
3.097122581213278248e-04
-0.000000000000000000e+00
1.784181678692251853e-05
-0.000000000000000000e+00
-0.000000000000000000e+00
-0.000000000000000000e+00
3.084097581365381904e-06
-0.000000000000000000e+00
-0.000000000000000000e+00
9.077040216803836662e-06
9.375527275498399520e-04
6.907703763328355015e-04
9.783378536360307423e-03
1.893312605611944743e-05
-0.000000000000000000e+00
-0.000000000000000000e+00
-0.000000000000000000e+00
7.382371225827394096e-05
8.343256299384530633e-05
9.665201474602336422e-06
-0.000000000000000000e+00
-0.000000000000000000e+00
-0.000000000000000000e+00
-0.000000000000000000e+00
-0.000000000000000000e+00
-0.000000000000000000e+00
-0.000000000000000000e+00
-0.000000000000000000e+00
-0.000000000000000000e+00
-0.000000000000000000e+00
3.173128745272912280e-03
4.095902960085968524e-04
1.230674157701822793e-07
-0.000000000000000000e+00
-0.000000000000000000e+00
2.458609657950244776e-02
-0.000000000000000000e+00
2.314876819257522499e-03
2.477089362058812522e-20
-0.000000000000000000e+00
-0.000000000000000000e+00
3.233721791012040755e-04
-0.000000000000000000e+00
-0.000000000000000000e+00
-0.000000000000000000e+00
3.954562913695707128e-05
-0.000000000000000000e+00
2.259723120851307525e-04
8.400455738603648651e-06
1.793623777036992741e-03
6.947893283684984265e-04
7.551149386608397641e-05
9.465020642226878761e-06
1.725570243293161931e-03
-0.000000000000000000e+00
9.012316942974899276e-06
-0.000000000000000000e+00
-0.000000000000000000e+00
7.412761176002225514e-05
-0.000000000000000000e+00
-0.000000000000000000e+00
1.725786830555311091e-05
2.814412409759650822e-07
5.515629411932348897e-06
-0.000000000000000000e+00
2.121093468302443982e-02
-0.000000000000000000e+00
-1.951177214844765313e-20
8.929329911927695869e-06
-0.000000000000000000e+00
2.272862587837901042e-05
1.343910477208322310e-04
4.751071075635552247e-07
7.502307525728041149e-06
-0.000000000000000000e+00
1.861539737948090255e-06
-0.000000000000000000e+00
7.749338422533907044e-05
1.030412077059405122e-05
-0.000000000000000000e+00
-0.000000000000000000e+00
1.098321644464592183e-04
-0.000000000000000000e+00
2.750624483503384329e-02
-0.000000000000000000e+00
-0.000000000000000000e+00
-0.000000000000000000e+00
-0.000000000000000000e+00
-0.000000000000000000e+00
-0.000000000000000000e+00
-0.000000000000000000e+00
-0.000000000000000000e+00
-0.000000000000000000e+00
-0.000000000000000000e+00
-0.000000000000000000e+00
-0.000000000000000000e+00
-0.000000000000000000e+00
-0.000000000000000000e+00
-0.000000000000000000e+00
-0.000000000000000000e+00
2.034030555482821065e-02
-1.389898531945034911e-22
-0.000000000000000000e+00
2.594683970180592866e-02
5.083130944196746716e-05
2.031252006223420467e-05
3.343133481451682675e-07
3.610750404517716165e-06
-0.000000000000000000e+00
-0.000000000000000000e+00
-0.000000000000000000e+00
1.123759147187607371e-03
-0.000000000000000000e+00
-0.000000000000000000e+00
6.601686055005901874e-06
2.423829534913916894e-02
5.244800857914616216e-06
-0.000000000000000000e+00
-0.000000000000000000e+00
-0.000000000000000000e+00
3.811743724318638113e-05
4.498908133669378114e-05
1.865448425130872108e-05
-0.000000000000000000e+00
1.973415939699489904e-05
9.351677827439688402e-08
-0.000000000000000000e+00
1.482945230451870910e-04
-0.000000000000000000e+00
-0.000000000000000000e+00
-3.954904741619677889e-21
2.054413510017356198e-03
6.083032941283636596e-06
-0.000000000000000000e+00
8.930734028325128769e-05
3.676947099510076682e-03
-0.000000000000000000e+00
-0.000000000000000000e+00
-0.000000000000000000e+00
-0.000000000000000000e+00
1.970728269799855147e-05
-0.000000000000000000e+00
-0.000000000000000000e+00
7.355936989720691780e-05
-0.000000000000000000e+00
1.132632887566790200e-03
1.398343552711815394e-05
-0.000000000000000000e+00
-0.000000000000000000e+00
6.009033414477550252e-06
-0.000000000000000000e+00
8.716692578468011182e-03
3.048310627826868616e-05
1.041395844663635974e-06
-0.000000000000000000e+00
1.233337987415649610e-04
3.607413886795033092e-03
1.865879331521479167e-02
3.419896427487903181e-06
-0.000000000000000000e+00
-0.000000000000000000e+00
2.074232450733672420e-02
-0.000000000000000000e+00
1.338447751142378983e-05
-0.000000000000000000e+00
-0.000000000000000000e+00
-0.000000000000000000e+00
-0.000000000000000000e+00
3.095065976189164043e-04
-0.000000000000000000e+00
-0.000000000000000000e+00
-0.000000000000000000e+00
3.343133481451682675e-07
1.123759147187607371e-03
5.405958709250779839e-04
-0.000000000000000000e+00
-0.000000000000000000e+00
9.462590036650776289e-22
1.568416020241810847e-08
-0.000000000000000000e+00
-1.390629304711069515e-20
-0.000000000000000000e+00
2.395413222724762181e-04
-0.000000000000000000e+00
-0.000000000000000000e+00
-0.000000000000000000e+00
-0.000000000000000000e+00
1.990921094013358913e-02
2.189013056892577525e-03
-0.000000000000000000e+00
-0.000000000000000000e+00
-0.000000000000000000e+00
-0.000000000000000000e+00
-0.000000000000000000e+00
4.912433432373744893e-05
6.304175584521849458e-05
4.435156022586184321e-06
7.551149386608397641e-05
4.393371359258577396e-04
1.422428892334773017e-03
-0.000000000000000000e+00
-1.749063908103047420e-21
-0.000000000000000000e+00
7.625645441027218340e-04
-0.000000000000000000e+00
-0.000000000000000000e+00
-0.000000000000000000e+00
2.594509694884686649e-02
7.760691997901316493e-05
1.154841188244043167e-05
-0.000000000000000000e+00
-0.000000000000000000e+00
-0.000000000000000000e+00
-0.000000000000000000e+00
-0.000000000000000000e+00
-0.000000000000000000e+00
-0.000000000000000000e+00
2.752214100395624098e-06
1.253682740662033490e-04
1.157214005176250050e-04
-0.000000000000000000e+00
-0.000000000000000000e+00
-0.000000000000000000e+00
-0.000000000000000000e+00
-0.000000000000000000e+00
-0.000000000000000000e+00
-0.000000000000000000e+00
-0.000000000000000000e+00
1.951229220493570088e-02
6.471956404496801417e-07
5.483226547534966660e-06
1.297467891809706009e-03
1.389257266688403763e-06
-0.000000000000000000e+00
-0.000000000000000000e+00
-0.000000000000000000e+00
2.617600224740594475e-06
1.708417429788554000e-05
-0.000000000000000000e+00
-0.000000000000000000e+00
2.504176411391842785e-03
4.745505646652976623e-04
5.528744804649745848e-06
-0.000000000000000000e+00
2.414057853868605309e-05
-0.000000000000000000e+00
1.398459489726835521e-06
1.416307942376640000e-09
-0.000000000000000000e+00
-0.000000000000000000e+00
5.149638445921765877e-04
1.655673235886220796e-04
-0.000000000000000000e+00
-0.000000000000000000e+00
4.927242854277933873e-05
-0.000000000000000000e+00
-0.000000000000000000e+00
-0.000000000000000000e+00
-0.000000000000000000e+00
-0.000000000000000000e+00
1.009237531382807941e-04
-0.000000000000000000e+00
-0.000000000000000000e+00
7.765736829166628016e-06
-0.000000000000000000e+00
-0.000000000000000000e+00
1.507509588331855431e-04
3.426642797734564747e-03
1.619418928885537571e-04
-0.000000000000000000e+00
1.398459489726835521e-06
1.154143919643480704e-05
4.423266693674143203e-06
-0.000000000000000000e+00
-0.000000000000000000e+00
4.616232365736268500e-06
-0.000000000000000000e+00
-0.000000000000000000e+00
-0.000000000000000000e+00
7.893506489140149937e-05
-0.000000000000000000e+00
2.940832145885912720e-03
8.783305225968545890e-03
2.962351482364927477e-05
-0.000000000000000000e+00
-0.000000000000000000e+00
-0.000000000000000000e+00
8.886264299890972787e-03
2.277634658844222146e-05
3.224817277108656873e-06
-0.000000000000000000e+00
1.974512121918105267e-03
-0.000000000000000000e+00
3.627247241929403351e-05
-0.000000000000000000e+00
2.177297011570459490e-07
-0.000000000000000000e+00
7.412761176002225514e-05
6.818475532317653230e-05
-0.000000000000000000e+00
3.734416168029781880e-03
1.228002431345581605e-03
3.083501827148046989e-04
-0.000000000000000000e+00
-0.000000000000000000e+00
-0.000000000000000000e+00
2.687453459345508069e-06
-0.000000000000000000e+00
-0.000000000000000000e+00
3.726948815648068944e-03
-0.000000000000000000e+00
-0.000000000000000000e+00
-0.000000000000000000e+00
1.097167181176250672e-03
2.252683959723689872e-02
-0.000000000000000000e+00
-0.000000000000000000e+00
4.932288479211459527e-03
3.187589769568575210e-04
-0.000000000000000000e+00
-0.000000000000000000e+00
-0.000000000000000000e+00
8.532062686041541263e-05
3.807277264632715668e-04
-0.000000000000000000e+00
-0.000000000000000000e+00
-0.000000000000000000e+00
1.912249748543049895e-06
-0.000000000000000000e+00
8.305669895356515011e-05
-0.000000000000000000e+00
-0.000000000000000000e+00
-0.000000000000000000e+00
-0.000000000000000000e+00
1.675177828537062198e-05
-1.749063908103047420e-21
-0.000000000000000000e+00
2.143533933942575780e-05
1.244801437630593023e-05
-0.000000000000000000e+00
-0.000000000000000000e+00
8.082681359137490939e-05
1.818897556660999722e-04
2.931396416870485559e-05
2.255088765799539835e-06
4.480761947978187818e-07
-0.000000000000000000e+00
-0.000000000000000000e+00
-0.000000000000000000e+00
-0.000000000000000000e+00
2.716440820350023025e-04
-0.000000000000000000e+00
-0.000000000000000000e+00
1.041260072928657323e-04
6.682880876223175055e-05
-0.000000000000000000e+00
1.351448981223917704e-04
-0.000000000000000000e+00
-0.000000000000000000e+00
-0.000000000000000000e+00
2.950291830379168787e-05
-0.000000000000000000e+00
-0.000000000000000000e+00
2.138118982890614651e-04
-0.000000000000000000e+00
6.433056041375002205e-05
1.981109064958709240e-02
-0.000000000000000000e+00
-0.000000000000000000e+00
-0.000000000000000000e+00
8.390270247048323658e-04
1.329867055847918072e-03
3.662828567028972738e-03
-0.000000000000000000e+00
-0.000000000000000000e+00
-0.000000000000000000e+00
2.963357684007738376e-04
-0.000000000000000000e+00
2.534121906558509107e-03
-0.000000000000000000e+00
-0.000000000000000000e+00
-0.000000000000000000e+00
4.557156527027321773e-05
8.828283899290353544e-06
-0.000000000000000000e+00
-0.000000000000000000e+00
-0.000000000000000000e+00
1.667491309324751675e-05
-0.000000000000000000e+00
-0.000000000000000000e+00
-0.000000000000000000e+00
-3.262845088905708553e-22
1.628686559921577838e-05
1.749119014443548776e-05
2.864922674186922325e-04
-0.000000000000000000e+00
2.140177338106783941e-05
-0.000000000000000000e+00
2.630324490985070165e-03
-0.000000000000000000e+00
-0.000000000000000000e+00
6.588144751223064320e-05
6.150921131196465967e-04
4.009643838274447271e-04
1.860650045405307811e-04
-0.000000000000000000e+00
2.549469367759934872e-03
3.314478349088494265e-05
-0.000000000000000000e+00
-0.000000000000000000e+00
9.371985214715628518e-04
-0.000000000000000000e+00
2.951206538607605186e-04
-0.000000000000000000e+00
-0.000000000000000000e+00
-0.000000000000000000e+00
2.751476277215519298e-03
-0.000000000000000000e+00
2.285596747512812048e-03
1.755919792361328613e-04
8.929329911927695869e-06
4.678604204867257434e-04
1.352205306974118788e-08
-0.000000000000000000e+00
1.429017833864691207e-05
-0.000000000000000000e+00
4.411697414949366223e-04
-0.000000000000000000e+00
-0.000000000000000000e+00
5.334502828520111910e-07
-0.000000000000000000e+00
-0.000000000000000000e+00
-0.000000000000000000e+00
6.036193999667766128e-04
-0.000000000000000000e+00
-0.000000000000000000e+00
7.196372858847782197e-07
-0.000000000000000000e+00
-0.000000000000000000e+00
-0.000000000000000000e+00
-0.000000000000000000e+00
1.900122537851796384e-06
-0.000000000000000000e+00
-0.000000000000000000e+00
-0.000000000000000000e+00
2.204027927952257465e-03
5.344991839203297240e-04
1.738013851584595541e-04
6.983516201366314407e-05
-0.000000000000000000e+00
-0.000000000000000000e+00
9.408537216979476666e-08
2.622203080776875240e-03
1.976894003215073220e-02
2.592625146871947655e-05
-0.000000000000000000e+00
-0.000000000000000000e+00
1.385108665838183763e-04
-0.000000000000000000e+00
-0.000000000000000000e+00
-0.000000000000000000e+00
-0.000000000000000000e+00
-0.000000000000000000e+00
-0.000000000000000000e+00
-0.000000000000000000e+00
-0.000000000000000000e+00
-0.000000000000000000e+00
1.672524436518474791e-06
1.495022068869103927e-03
-0.000000000000000000e+00
-0.000000000000000000e+00
-0.000000000000000000e+00
-0.000000000000000000e+00
-0.000000000000000000e+00
-0.000000000000000000e+00
-0.000000000000000000e+00
-0.000000000000000000e+00
-0.000000000000000000e+00
8.976897388381989654e-06
-0.000000000000000000e+00
-0.000000000000000000e+00
3.259841560508014002e-03
-0.000000000000000000e+00
-0.000000000000000000e+00
1.545508097981045494e-03
1.594285960030167423e-07
6.843736370191649040e-04
-0.000000000000000000e+00
4.749094057445770183e-04
-0.000000000000000000e+00
-0.000000000000000000e+00
1.924924349335180090e-03
-0.000000000000000000e+00
-0.000000000000000000e+00
-0.000000000000000000e+00
1.126551647385891282e-04
6.190380031553487897e-05
-0.000000000000000000e+00
-0.000000000000000000e+00
-0.000000000000000000e+00
8.132811035413783224e-03
8.283998346072359212e-07
-0.000000000000000000e+00
-0.000000000000000000e+00
2.548009385576994071e-05
1.836553379198606339e-02
7.644322149487803482e-05
3.371471121630777485e-07
2.153977444844180542e-04
-0.000000000000000000e+00
1.265832578535469252e-03
-0.000000000000000000e+00
-0.000000000000000000e+00
1.389257266688403763e-06
4.828143390871170843e-04
1.502729759312679150e-04
-0.000000000000000000e+00
3.259850138314574972e-03
6.600866469453225310e-05
6.955189913360789727e-08
7.934997046104065067e-04
-0.000000000000000000e+00
7.622021011473990686e-04
-0.000000000000000000e+00
-0.000000000000000000e+00
1.041306226454611073e-06
-0.000000000000000000e+00
-0.000000000000000000e+00
-0.000000000000000000e+00
1.112035316546949651e-05
2.845959842119292224e-05
2.444939898308523627e-03
-0.000000000000000000e+00
1.656678496130943968e-06
2.433497470761831604e-05
4.240582910135810287e-05
-2.349421769318763679e-20
-0.000000000000000000e+00
-0.000000000000000000e+00
-0.000000000000000000e+00
-0.000000000000000000e+00
-0.000000000000000000e+00
-0.000000000000000000e+00
1.356310371791940932e-04
2.744643838771638144e-04
1.509240258810517712e-05
-0.000000000000000000e+00
-0.000000000000000000e+00
-0.000000000000000000e+00
9.913541872288102099e-04
2.934388206055319732e-06
2.675433121533872874e-02
-0.000000000000000000e+00
3.165402403325539519e-03
5.177368272330640360e-20
-0.000000000000000000e+00
-0.000000000000000000e+00
6.196410896508627170e-03
-0.000000000000000000e+00
1.003149642929105788e-04
2.672900632905228502e-02
-0.000000000000000000e+00
-0.000000000000000000e+00
-0.000000000000000000e+00
-0.000000000000000000e+00
2.048659788015991771e-06
4.927319758068389737e-05
-0.000000000000000000e+00
-0.000000000000000000e+00
3.248061082586624992e-07
-0.000000000000000000e+00
-0.000000000000000000e+00
-0.000000000000000000e+00
-0.000000000000000000e+00
-0.000000000000000000e+00
-0.000000000000000000e+00
-0.000000000000000000e+00
-0.000000000000000000e+00
5.786163198742445011e-04
-0.000000000000000000e+00
-0.000000000000000000e+00
3.414445426160484399e-04
-0.000000000000000000e+00
-0.000000000000000000e+00
-0.000000000000000000e+00
-0.000000000000000000e+00
-0.000000000000000000e+00
6.154579315539085531e-21
-0.000000000000000000e+00
4.392885490627879516e-05
-0.000000000000000000e+00
-0.000000000000000000e+00
1.127076234149622754e-04
-0.000000000000000000e+00
8.924983338636241438e-05
-0.000000000000000000e+00
-0.000000000000000000e+00
8.208975788151134717e-04
-0.000000000000000000e+00
-0.000000000000000000e+00
-0.000000000000000000e+00
-0.000000000000000000e+00
3.364997304119732273e-06
-0.000000000000000000e+00
-0.000000000000000000e+00
1.580329514485842398e-05
1.777396752556406286e-04
2.566673945897993689e-07
-0.000000000000000000e+00
-0.000000000000000000e+00
-0.000000000000000000e+00
-0.000000000000000000e+00
-0.000000000000000000e+00
-0.000000000000000000e+00
1.006973363147765124e-05
-0.000000000000000000e+00
-0.000000000000000000e+00
2.906230333190717556e-06
4.476850038028093960e-07
4.182464038436885180e-04
8.925145906908552065e-21
-0.000000000000000000e+00
-0.000000000000000000e+00
-0.000000000000000000e+00
-0.000000000000000000e+00
1.694099188043988355e-06
-0.000000000000000000e+00
1.493999694221228094e-02
-0.000000000000000000e+00
2.913433797089479919e-04
-0.000000000000000000e+00
-0.000000000000000000e+00
4.823404602695645338e-04
4.912433432373744893e-05
-0.000000000000000000e+00
3.179973295053153243e-04
-0.000000000000000000e+00
2.735062337529614519e-04
1.487603744726330523e-06
-0.000000000000000000e+00
-0.000000000000000000e+00
-0.000000000000000000e+00
-0.000000000000000000e+00
3.133945682243605239e-05
1.361178138172675339e-04
7.766773373760997720e-05
2.007860332548206620e-03
-0.000000000000000000e+00
1.027288235137282808e-03
-0.000000000000000000e+00
1.009237531382807941e-04
-0.000000000000000000e+00
7.355936989720691780e-05
-0.000000000000000000e+00
-0.000000000000000000e+00
-0.000000000000000000e+00
2.814412409759650822e-07
9.017792201302770507e-06
-0.000000000000000000e+00
-0.000000000000000000e+00
-0.000000000000000000e+00
-0.000000000000000000e+00
-0.000000000000000000e+00
-0.000000000000000000e+00
2.595834542830260778e-05
2.669094422488144962e-05
2.934388206055319732e-06
2.344541304021178303e-04
1.567826981379515807e-05
-0.000000000000000000e+00
-0.000000000000000000e+00
9.211216889674277110e-05
-3.643599909491357122e-22
1.031780523537509804e-04
-0.000000000000000000e+00
5.785697886158935313e-04
-0.000000000000000000e+00
-0.000000000000000000e+00
-0.000000000000000000e+00
-0.000000000000000000e+00
5.654821146740331886e-07
6.804427589251606321e-04
5.622256053628425684e-05
1.388586112451693387e-03
-0.000000000000000000e+00
1.392093684721935898e-02
2.286395390387658058e-02
9.050192280122897840e-05
-0.000000000000000000e+00
6.757754700068191499e-04
1.399208221526337326e-06
3.086863937205489667e-05
3.854724687191573088e-03
-0.000000000000000000e+00
-0.000000000000000000e+00
1.520041132312440529e-05
-0.000000000000000000e+00
-0.000000000000000000e+00
2.759501925971175911e-08
1.070323197659903803e-06
-0.000000000000000000e+00
-0.000000000000000000e+00
-0.000000000000000000e+00
-0.000000000000000000e+00
-0.000000000000000000e+00
4.962619414037062484e-05
4.029594892496405045e-05
-0.000000000000000000e+00
-0.000000000000000000e+00
-0.000000000000000000e+00
2.260103653010105129e-02
4.242567209907542776e-03
1.992900751579222696e-02
-0.000000000000000000e+00
2.808747526039274933e-06
1.723285992658531889e-04
1.392004806976340910e-05
4.326240523078771563e-04
-0.000000000000000000e+00
7.967562171830532523e-04
-0.000000000000000000e+00
-0.000000000000000000e+00
5.931097623931292620e-06
2.477090059300672566e-06
5.251595941074190324e-03
4.314987703502792642e-03
1.971112577848069865e-04
1.496324046013224366e-04
3.542779328964054110e-06
-0.000000000000000000e+00
1.356643621762982089e-06
-0.000000000000000000e+00
1.424302735805429813e-02
1.324929494463400566e-06
8.914982945942153498e-04
1.339491630607170974e-04
-0.000000000000000000e+00
1.160543309167402011e-04
5.188023939545155592e-04
-0.000000000000000000e+00
7.685263948957826393e-05
-0.000000000000000000e+00
1.342016125612853852e-04
-0.000000000000000000e+00
1.829882204470888369e-04
1.963348388551919548e-03
4.453301277530705940e-05
-0.000000000000000000e+00
-0.000000000000000000e+00
-0.000000000000000000e+00
-2.436039732235886100e-20
-0.000000000000000000e+00
-0.000000000000000000e+00
1.785554378541208099e-06
2.744643838771638144e-04
-0.000000000000000000e+00
2.648331204587640528e-02
7.420685757423775173e-05
6.927958570641524384e-07
-0.000000000000000000e+00
-0.000000000000000000e+00
8.892372307428956374e-03
-0.000000000000000000e+00
5.532534625133011250e-08
5.404194637928864581e-06
4.793723966063887097e-07
-0.000000000000000000e+00
-0.000000000000000000e+00
-0.000000000000000000e+00
-0.000000000000000000e+00
-0.000000000000000000e+00
-0.000000000000000000e+00
4.267227415915977125e-05
-0.000000000000000000e+00
-0.000000000000000000e+00
2.099596507508172600e-04
-0.000000000000000000e+00
-0.000000000000000000e+00
1.611316618975899256e-05
-0.000000000000000000e+00
-0.000000000000000000e+00
-0.000000000000000000e+00
1.129843643066956796e-02
5.847292737626610373e-05
2.137204463396000185e-05
1.085590810604327415e-05
-0.000000000000000000e+00
-0.000000000000000000e+00
-0.000000000000000000e+00
-0.000000000000000000e+00
-0.000000000000000000e+00
4.702787743574366651e-05
2.356642481528309786e-03
1.013378524720416162e-20
1.664337303371332558e-04
-0.000000000000000000e+00
-0.000000000000000000e+00
-0.000000000000000000e+00
-0.000000000000000000e+00
4.749932032700968028e-07
2.845959842119292224e-05
-0.000000000000000000e+00
-0.000000000000000000e+00
4.023303000380532729e-05
1.700503775332128759e-04
-0.000000000000000000e+00
5.142637121289702056e-04
1.478368848822431324e-07
-0.000000000000000000e+00
2.337375480404344874e-04
-0.000000000000000000e+00
-0.000000000000000000e+00
5.988195060081473380e-08
-0.000000000000000000e+00
-0.000000000000000000e+00
1.300495311912375739e-03
-0.000000000000000000e+00
-0.000000000000000000e+00
2.896879436351808043e-05
1.125686368672794641e-03
-0.000000000000000000e+00
-0.000000000000000000e+00
-0.000000000000000000e+00
-0.000000000000000000e+00
-0.000000000000000000e+00
6.555181468276449666e-05
2.049941841913691977e-04
1.452604419487742072e-07
-0.000000000000000000e+00
-0.000000000000000000e+00
-0.000000000000000000e+00
8.714118570607894403e-05
1.780124168767752764e-04
2.470804955981407861e-05
-0.000000000000000000e+00
-0.000000000000000000e+00
-0.000000000000000000e+00
2.007860332548206620e-03
-0.000000000000000000e+00
1.896358772367218125e-06
1.586151344798289222e-06
-0.000000000000000000e+00
3.292406173854405807e-05
-0.000000000000000000e+00
1.195169698547788734e-05
2.678633447715156107e-04
3.123423031732372110e-03
3.381285345419680205e-04
3.243804252312117812e-07
1.454738780831194071e-05
-0.000000000000000000e+00
-5.120565928797933965e-21
1.205725836105422006e-04
-0.000000000000000000e+00
4.087138795462068644e-04
3.415365878037089501e-04
-0.000000000000000000e+00
-0.000000000000000000e+00
-0.000000000000000000e+00
2.986587017584684810e-08
-0.000000000000000000e+00
-0.000000000000000000e+00
-0.000000000000000000e+00
-0.000000000000000000e+00
-0.000000000000000000e+00
7.750384075657303800e-05
-0.000000000000000000e+00
-0.000000000000000000e+00
1.995404978875515468e-03
-0.000000000000000000e+00
-0.000000000000000000e+00
1.058993698647619980e-07
4.684758937879616140e-05
1.822955584177260837e-04
-0.000000000000000000e+00
5.606437330429556570e-06
1.660126122390530312e-02
-0.000000000000000000e+00
2.102805022673320270e-05
8.283998346072359212e-07
2.047506001107091079e-05
-0.000000000000000000e+00
-0.000000000000000000e+00
-0.000000000000000000e+00
-0.000000000000000000e+00
-0.000000000000000000e+00
-0.000000000000000000e+00
-0.000000000000000000e+00
1.023778034636573268e-03
-0.000000000000000000e+00
6.804427589251606321e-04
-0.000000000000000000e+00
-0.000000000000000000e+00
2.681337708909585873e-04
-0.000000000000000000e+00
2.400430561829780210e-05
-0.000000000000000000e+00
-0.000000000000000000e+00
8.809717387917743450e-06
-0.000000000000000000e+00
4.580388715534416115e-07
-0.000000000000000000e+00
-0.000000000000000000e+00
-0.000000000000000000e+00
-0.000000000000000000e+00
-0.000000000000000000e+00
7.835673727448813416e-06
5.439871326899935492e-05
-0.000000000000000000e+00
6.085855486229945453e-03
4.664705354879997786e-04
-0.000000000000000000e+00
-0.000000000000000000e+00
-0.000000000000000000e+00
5.046031965558547697e-04
5.902425149962481251e-05
5.120934364464319426e-07
1.972025756227569822e-07
-0.000000000000000000e+00
5.609277998564107045e-07
-0.000000000000000000e+00
-0.000000000000000000e+00
1.051685066605270464e-03
7.676241596643429089e-07
-0.000000000000000000e+00
6.415730629519295018e-06
-0.000000000000000000e+00
-0.000000000000000000e+00
-0.000000000000000000e+00
-0.000000000000000000e+00
-0.000000000000000000e+00
9.445871101948671888e-05
3.178828495236945698e-06
2.679134489101511862e-05
7.978323983988424119e-07
-0.000000000000000000e+00
-0.000000000000000000e+00
-0.000000000000000000e+00
3.086863937205489667e-05
-7.696093458570059747e-21
6.759522958093790996e-06
-0.000000000000000000e+00
4.439065705500660564e-04
4.204855741811792431e-05
-0.000000000000000000e+00
-0.000000000000000000e+00
-0.000000000000000000e+00
-0.000000000000000000e+00
-0.000000000000000000e+00
-0.000000000000000000e+00
1.870496967727419116e-04
-0.000000000000000000e+00
4.326240523078771563e-04
-0.000000000000000000e+00
-0.000000000000000000e+00
3.125406721096470844e-05
-0.000000000000000000e+00
1.744114148530631755e-03
2.883160927496005360e-07
-0.000000000000000000e+00
-0.000000000000000000e+00
2.468606663907810489e-04
2.678633447715156107e-04
-0.000000000000000000e+00
-0.000000000000000000e+00
5.299061238945067702e-06
-0.000000000000000000e+00
2.994790059132884037e-05
2.813306149863006866e-02
4.986151129219689067e-03
2.206284348140885674e-03
8.980250787785136555e-05
-0.000000000000000000e+00
1.342696005123730481e-04
-0.000000000000000000e+00
-0.000000000000000000e+00
-0.000000000000000000e+00
-0.000000000000000000e+00
6.790830937216590446e-04
-0.000000000000000000e+00
-0.000000000000000000e+00
5.701645470119472842e-03
1.531102145800758787e-05
-0.000000000000000000e+00
5.827883950836047532e-09
-0.000000000000000000e+00
-0.000000000000000000e+00
-0.000000000000000000e+00
3.756930505147638901e-04
-0.000000000000000000e+00
7.399533779958417752e-04
6.247392721436916387e-05
4.178814320395512084e-04
2.653326140424874509e-07
3.092675114316218842e-04
-0.000000000000000000e+00
-0.000000000000000000e+00
-0.000000000000000000e+00
-0.000000000000000000e+00
-0.000000000000000000e+00
1.942605525846851494e-04
3.922166074006998055e-05
-0.000000000000000000e+00
-0.000000000000000000e+00
1.648536324007943583e-05
-0.000000000000000000e+00
1.390927455503979878e-05
-0.000000000000000000e+00
-9.755603254580982667e-21
-0.000000000000000000e+00
4.398993473784963541e-04
-0.000000000000000000e+00
-0.000000000000000000e+00
5.011557821294812792e-04
2.861720835534228784e-05
1.324929494463400566e-06
-0.000000000000000000e+00
2.810769991235994638e-07
-0.000000000000000000e+00
-0.000000000000000000e+00
-0.000000000000000000e+00
-0.000000000000000000e+00
2.152636089505006144e-03
1.963955816051374834e-04
3.996660949263066559e-03
1.571931182337628699e-02
4.266457072651360705e-04
4.743741572019256718e-03
1.428364994474143498e-08
-0.000000000000000000e+00
8.270959380612369458e-05
-0.000000000000000000e+00
2.525330832281934778e-04
-0.000000000000000000e+00
1.030040063582699317e-07
